# 25x25 Nonogram test

25

# rows
23
20 3
25
3 5 2 8
8 6

15 5
8 13
25
16 3
11 2

7
6
8 3
4 10 4
15

9
11 3 8
3 1
8 14
1 5 2 3

12 12
1 5 6
2 13
17 7
2 9 3

# cols
4 4 2 3 5
4 4 6 1 3
10 6 1 1
3 6 4 1 2 1
3 6 3 4 1

10 5 1 2 1
10 5 1 2 1
10 5 1 2 1
4 1 3 5 1 2
4 1 3 5 3 2

3 1 3 3 1 3 2
3 1 2 4 3 2
4 4 4 2 3
4 4 1 2 1 3 3
3 5 1 2 1 1 1 3

3 5 1 1 1 1 3
3 4 1 1 1 1 3
5 2 1 1 1 1 1
5 2 1 1 3 2
5 2 1 1 6

1 2 3 1 1 1 4
1 2 3 1 1 1 6
4 4 1 2 1 7
4 4 1 2 1 6
4 4 1 2 2 5

